1	1	1
3
4	20	100	10
10
6	1	57	1	(4,12)
7	2	132	9	(55,14),(119,7),(131,5),(138,20),(251,10),(337,11),(458,12),(556,20),(646,17)
14	3	232	6	(172,13),(323,14),(400,14),(522,5),(593,14),(632,17)
20	4	191	6	(58,11),(242,15),(304,10),(442,8),(463,14),(594,9)
20	5	169	9	(45,15),(90,9),(176,5),(292,12),(392,17),(444,9),(576,18),(639,13),(662,19)
20	6	233	6	(210,16),(298,7),(434,7),(593,14),(626,13),(782,11)
27	7	248	5	(181,15),(414,10),(444,8),(504,15),(634,6)
31	8	93	2	(2,11),(31,17)
35	9	42	2	(30,16),(72,20)
36	10	131	5	(29,15),(65,8),(85,11),(138,9),(144,19)
3	9
4	7
4	1
7	4
10	5
10	6
11	8
12	10
15	2
15	3
