5	2	2
3
4	20	100	10
50
2	1	144	7	(28,13),(68,16),(101,10),(133,6),(268,19),(269,20),(346,5)
8	2	23	2	(16,20),(20,9)
9	3	35	3	(22,20),(54,19),(74,16)
9	4	183	2	(51,11),(88,12)
9	5	84	2	(7,16),(53,8)
9	6	90	4	(9,18),(44,17),(64,7),(137,16)
12	7	94	3	(89,20),(122,11),(164,19)
12	8	135	0	
16	9	253	7	(140,7),(228,10),(239,18),(430,11),(657,5),(755,6),(778,20)
20	10	248	8	(183,5),(221,16),(293,15),(388,9),(514,12),(573,18),(616,8),(728,17)
22	11	213	6	(189,11),(310,15),(485,13),(536,20),(668,8),(840,8)
25	12	286	3	(23,8),(208,7),(244,12)
29	13	30	2	(27,10),(56,15)
36	14	200	9	(186,6),(296,11),(453,20),(456,7),(517,9),(606,9),(753,16),(761,19),(861,5)
40	15	156	8	(12,8),(34,10),(117,15),(212,17),(283,8),(366,15),(522,19),(538,18)
47	16	20	9	(10,20),(14,12),(27,10),(34,17),(52,19),(66,7),(69,10),(74,20),(88,5)
53	17	83	1	(3,5)
55	18	220	2	(35,7),(107,6)
60	19	175	10	(140,8),(271,12),(338,19),(385,18),(557,9),(657,15),(820,14),(868,10),(934,5),(992,13)
63	20	242	0	
65	21	30	7	(3,12),(14,9),(29,12),(38,18),(61,5),(62,8),(86,18)
67	22	95	1	(21,16)
67	23	181	7	(118,12),(267,17),(405,5),(411,15),(500,9),(544,14),(709,7)
70	24	237	4	(223,9),(416,12),(549,17),(554,18)
74	25	80	8	(47,10),(74,13),(133,9),(146,18),(220,17),(241,10),(252,18),(279,20)
75	26	250	5	(2,5),(36,16),(197,15),(285,8),(295,11)
75	27	132	10	(75,18),(93,18),(194,18),(234,7),(353,12),(481,14),(537,7),(561,17),(593,16),(705,17)
80	28	218	9	(31,16),(237,14),(318,11),(381,5),(465,14),(627,7),(767,19),(921,5),(1094,19)
82	29	83	5	(34,12),(108,19),(132,19),(189,16),(210,11)
87	30	93	8	(37,13),(121,6),(171,13),(228,10),(269,9),(335,15),(379,11),(381,10)
91	31	72	5	(39,17),(97,15),(142,13),(172,9),(176,10)
97	32	133	4	(1,12),(12,16),(93,10),(200,7)
98	33	157	1	(82,19)
101	34	20	6	(1,5),(13,20),(20,9),(37,13),(53,16),(65,9)
108	35	269	1	(166,11)
112	36	157	1	(61,11)
118	37	81	3	(33,6),(90,16),(168,10)
121	38	281	4	(164,15),(245,6),(515,14),(568,20)
128	39	46	6	(32,14),(41,19),(83,20),(96,19),(103,10),(141,12)
129	40	216	4	(116,6),(204,5),(224,14),(348,5)
131	41	62	3	(39,9),(64,13),(120,15)
138	42	84	6	(64,11),(106,11),(180,15),(236,8),(291,8),(373,10)
141	43	153	7	(128,7),(168,16),(298,16),(303,17),(418,20),(496,9),(553,20)
142	44	26	6	(8,5),(30,10),(45,5),(71,10),(95,13),(108,13)
144	45	62	5	(48,7),(53,15),(101,16),(145,14),(170,20)
150	46	13	5	(2,8),(9,17),(17,17),(17,7),(23,9)
151	47	145	3	(124,7),(235,13),(257,18)
152	48	99	0	
159	49	56	6	(2,18),(19,16),(46,6),(48,20),(52,17),(82,15)
164	50	185	3	(144,8),(261,13),(272,8)
16	8
25	47
27	42
42	9
46	43
47	30
50	11
66	37
79	44
84	3
99	41
108	24
119	38
123	29
137	2
142	16
144	48
145	45
151	46
