9	7	8
3
4	20	100	10
25
2	1	130	3	(97,16),(150,12),(252,12)
9	2	193	2	(65,20),(258,7)
16	3	77	10	(22,8),(93,20),(161,17),(167,11),(227,18),(296,13),(324,9),(354,20),(368,16),(399,7)
23	4	253	8	(204,15),(365,8),(522,5),(641,7),(878,17),(961,15),(1048,7),(1219,16)
27	5	198	10	(110,13),(251,20),(301,14),(325,20),(414,12),(612,5),(726,6),(759,14),(838,14),(866,16)
31	6	196	0	
31	7	25	0	
34	8	269	1	(22,15)
40	9	185	2	(151,10),(191,8)
45	10	73	1	(7,12)
45	11	169	8	(54,19),(186,10),(214,14),(251,10),(403,12),(536,8),(691,17),(859,19)
45	12	255	9	(116,7),(234,6),(362,16),(449,14),(589,9),(768,11),(898,17),(1148,8),(1329,19)
52	13	66	9	(62,18),(90,7),(99,10),(100,12),(143,13),(178,11),(242,19),(250,9),(309,15)
55	14	117	5	(2,16),(106,18),(140,20),(184,15),(259,15)
55	15	19	7	(15,18),(19,15),(21,11),(35,12),(35,13),(52,9),(69,20)
55	16	167	2	(104,8),(172,6)
61	17	12	8	(11,19),(14,16),(21,8),(31,8),(41,5),(42,8),(49,14),(57,14)
68	18	266	6	(88,11),(195,8),(351,20),(581,8),(770,20),(867,19)
72	19	115	2	(24,17),(132,11)
73	20	32	0	
76	21	127	10	(69,17),(179,11),(305,12),(384,17),(489,18),(530,8),(633,14),(760,16),(760,10),(879,5)
76	22	247	1	(199,7)
83	23	249	3	(89,18),(115,5),(263,7)
84	24	230	6	(178,19),(270,9),(440,19),(566,12),(731,19),(789,17)
89	25	246	6	(150,17),(153,5),(289,12),(401,8),(503,10),(611,16)
4	19
5	4
12	22
18	9
22	11
26	18
33	14
40	17
48	8
53	6
56	5
62	7
66	10
74	15
79	25
82	2
83	16
86	12
88	20
88	23
