5	0	0
10
14	15	80	20
30
3	1	106	2	(29,20),(47,8)
7	2	163	0	
12	3	110	5	(104,18),(108,7),(172,19),(183,9),(254,9)
16	4	285	5	(44,12),(53,11),(76,9),(235,7),(408,16)
22	5	281	1	(44,19)
28	6	121	5	(103,5),(121,13),(214,7),(292,18),(402,13)
31	7	220	8	(179,18),(259,8),(408,18),(524,6),(702,13),(702,5),(791,15),(929,14)
37	8	71	1	(57,17)
43	9	239	3	(44,15),(270,20),(378,10)
47	10	122	9	(28,10),(37,13),(122,14),(183,11),(237,14),(288,10),(308,20),(367,6),(418,5)
52	11	16	8	(14,12),(19,7),(31,15),(38,12),(40,8),(48,15),(59,7),(67,17)
57	12	142	3	(29,20),(42,18),(80,19)
59	13	73	4	(57,6),(82,6),(147,15),(169,14)
59	14	226	4	(78,15),(177,5),(192,14),(323,17)
66	15	46	0	
69	16	298	9	(167,15),(361,7),(611,17),(793,13),(899,5),(928,8),(1051,12),(1320,13),(1449,14)
70	17	20	2	(14,20),(15,17)
74	18	237	0	
75	19	108	6	(71,9),(108,13),(138,8),(191,6),(191,9),(297,18)
81	20	216	0	
83	21	36	9	(13,8),(42,8),(58,16),(94,17),(102,13),(129,11),(164,12),(196,11),(217,18)
87	22	104	5	(94,13),(121,10),(127,11),(132,9),(154,5)
94	23	213	1	(200,17)
97	24	135	1	(48,7)
104	25	99	4	(90,5),(93,13),(181,10),(206,15)
105	26	162	5	(92,11),(109,14),(167,15),(300,5),(418,9)
106	27	261	2	(237,17),(263,19)
107	28	168	2	(52,6),(164,10)
112	29	150	0	
116	30	76	9	(61,19),(111,16),(137,7),(201,6),(267,5),(274,13),(297,13),(317,9),(337,11)
6	6
17	14
27	26
33	4
33	1
40	17
47	16
58	21
64	8
66	13
69	3
69	12
80	9
86	11
86	5
97	23
100	29
102	30
105	27
105	7
111	18
115	24
