TT	PID	AT	CT	IO_D	WT	RT	TRT
18	11	9	38	0	-29	842150460	9
22	14	15	7	0	0	0	7
23	18	16	1	0	6	6	7
27	17	16	5	0	6	0	11
41	3	4	23	0	14	0	37
79	2	3	56	7	20	0	76
79	34	50	30	0	-1	842150501	29
94	25	23	15	50	56	4	71
95	33	33	16	0	46	46	62
95	39	84	12	0	-1	842150535	11
115	9	9	47	41	59	0	106
125	35	51	30	0	44	44	74
125	40	98	28	0	-1	842150549	27
125	36	53	46	0	26	26	72
125	38	83	43	0	-1	42	42
142	32	32	78	0	32	32	110
142	37	81	62	0	-1	842150532	61
142	4	4	48	24	90	0	138
145	20	16	5	34	124	0	129
150	31	21	36	0	93	57	129
151	13	12	36	48	103	32	139
157	7	8	27	8	122	0	149
173	22	20	32	79	121	4	153
236	29	25	45	91	166	14	211
236	21	17	19	87	200	2	219
237	1	3	90	37	144	0	234
244	5	5	30	43	209	0	239
252	23	20	30	171	202	0	232
297	6	6	20	83	271	0	291
304	8	8	40	128	256	0	296
312	16	15	38	158	259	4	297
317	27	24	43	161	250	28	293
318	24	23	45	201	250	0	295
331	12	11	49	233	271	38	320
389	19	16	33	193	340	0	373
390	28	25	60	219	305	47	365
455	15	15	37	168	403	16	440
708	10	9	100	297	599	0	699
774	30	25	100	586	649	7	749
832	26	23	80	677	729	1	809

Processes: 40
avg WT = 160,	avg RT = -2105356,	avg TRT = 200
Migration %:	 RTF= 52.5%,	 MaxW = 0%
Work Steal %:0%
Forked Process: 25%
Killed Process: 15%

Processors: 9 [3 FCFS, 3 SJF, 3 RR]
Processors Load
p1=1.66022%,	p2=1.43553%,	p3=1.46049%,	p4=0.798902%,	p5=1.77256%,	p6=2.12208%,	p7=2.52153%,	p8=2.72126%,	p9=2.77119%,	

Processors Utiliz
p1=15.9281%,	p2=13.756%,	p3=14.012%,	p4=7.55608%,	p5=16.7059%,	p6=19.8366%,	p7=22.6204%,	p8=25.4079%,	p9=25.3714%,	
Avg utilization = 17.9105%